100 7
-4			-4			-4			-4			-4			-4			-4			
-4			0			0			0			0			0			-4			
-4			0			-4			0			-4			0			-4			
-4			0			-4			0			-4			0			-4			
-4			0			-4			0			-4			0			-4			
-4			0			-4			0			-4			0			-4			
-4			0			-4			0			-4			0			-4			
-4			0			-4			0			-4			0			-4			
-4			0			-4			0			-4			0			-4			
-4			0			-4			0			-4			0			-4			
-4			0			-4			0			-4			0			-4			
-4			0			-4			0			-4			0			-4			
-4			0			-4			0			-4			0			-4			
-4			0			-4			0			-4			0			-4			
-4			0			-4			0			-4			0			-4			
-4			0			-4			0			-4			0			-4			
-4			0			-4			0			-4			0			-4			
-4			0			-4			0			-4			0			-4			
-4			0			-4			0			-4			0			-4			
-4			0			-4			0			-4			0			-4			
-4			0			-4			0			-4			0			-4			
-4			0			-4			0			-4			0			-4			
-4			0			-4			0			-4			0			-4			
-4			0			-4			0			-4			0			-4			
-4			0			-4			0			-4			0			-4			
-4			0			-4			0			-4			0			-4			
-4			0			-4			0			-4			0			-4			
-4			0			-4			0			-4			0			-4			
-4			0			-4			0			-4			0			-4			
-4			0			-4			0			-4			0			-4			
-4			0			-4			0			-4			0			-4			
-4			0			-4			0			-4			0			-4			
-4			0			-4			0			-4			0			-4			
-4			0			-4			0			-4			0			-4			
-4			0			-4			0			-4			0			-4			
-4			0			-4			0			-4			0			-4			
-4			0			-4			0			-4			0			-4			
-4			0			-4			0			-4			0			-4			
-4			0			-4			0			-4			0			-4			
-4			0			-4			0			-4			0			-4			
-4			0			-4			0			-4			0			-4			
-4			0			-4			0			-4			0			-4			
-4			0			-4			0			-4			0			-4			
-4			0			-4			0			-4			0			-4			
-4			0			-4			0			-4			0			-4			
-4			0			-4			0			-4			0			-4			
-4			1			-4			0			-4			0			-4			
-4			-4			-4			0			-4			0			-4			
-40			0			0			0			-4			0			-4			
0			0			0			0			-4			0			-4			
0			0			0			0			-4			0			-4			
0			0			0			0			-4			0			-4			
-4			-4			-4			0			-4			0			-4			
-4			40	1		-4			0			-4			0			-4			
-4			0			-4			0			-4			0			-4			
-4			0			-4			0			-4			0			-4			
-4			0			-4			0			-4			0			-4			
-4			0			-4			0			-4			0			-4			
-4			0			-4			0			-4			0			-4			
-4			0			-4			0			-4			0			-4			
-4			0			-4			0			-4			0			-4			
-4			0			-4			0			-4			0			-4			
-4			0			-4			0			-4			0			-4			
-4			0			-4			0			-4			0			-4			
-4			0			-4			0			-4			0			-4			
-4			0			-4			0			-4			0			-4			
-4			0			-4			0			-4			0			-4			
-4			0			-4			0			-4			0			-4			
-4			0			-4			0			-4			0			-4			
-4			0			-4			0			-4			0			-4			
-4			0			-4			0			-4			0			-4			
-4			0			-4			0			-4			0			-4			
-4			0			-4			0			-4			0			-4			
-4			0			-4			0			-4			0			-4			
-4			0			-4			0			-4			0			-4			
-4			0			-4			0			-4			0			-4			
-4			0			-4			0			-4			0			-4			
-4			0			-4			0			-4			0			-4			
-4			0			-4			0			-4			0			-4			
-4			0			-4			0			-4			0			-4			
-4			0			-4			0			-4			0			-4			
-4			0			-4			0			-4			0			-4			
-4			0			-4			0			-4			0			-4			
-4			0			-4			0			-4			0			-4			
-4			0			-4			0			-4			0			-4			
-4			0			-4			0			-4			0			-4			
-4			0			-4			0			-4			0			-4			
-4			0			-4			0			-4			0			-4			
-4			0			-4			0			-4			0			-4			
-4			0			-4			0			-4			0			-4			
-4			0			-4			0			-4			0			-4			
-4			0			-4			0			-4			0			-4			
-4			0			-4			0			-4			0			-4			
-4			0			-4			0			-4			0			-4			
-4			0			-4			0			-4			0			-4			
-4			0			-4			0			-4			0			-4			
-4			0			-4			-22	46	1	-4			0			-4			
-4			0			0			0			0			0			-4			
-4			-4			-4			-4			-4			0			-4			
-4			-4			-4			-4			-4			-4			-4			
