20 20
0			0			0			0			0			0			0			0			0			0			0			0			0			0			0			0			0			0			0			0			
0			1			0			0			0			0			0			0			0			0			0			0			0			0			0			0			0			0			0			0			
0			0			0			0			0			0			0			0			0			0			0			0			0			0			0			0			0			0			0			0			
0			0			0			0			0			0			0			0			0			0			0			0			0			0			0			-1			-1			-1			0			-1			
0			0			0			0			-1			-1			-1			-1			-1			0			0			0			0			0			0			-1			-1			-1			0			-1			
0			0			0			0			-1			0			0			0			-1			0			0			0			-1			-1			-1			-1			-1			-1			0			-1			
0			0			0			0			-20	1	1	0			0			0			-20	1	1	0			0			0			-20	1	1	0			0			-1			-1			-1			0			-1		
0			0			0			0			-21	1	1	0			0			0			-21	1	1	0			0			0			-21	1	1	0			0			0			0			-1			0			-1			
-1			-1			-1			-1			0			0			0			0			-20	1	1	0			0			0			-20	1	1	0			0			0			0			-1			0			-1			
40	1		0			0			0			0			0			0			0			-21	1	1	0			0			0			-21	1	1	0			0			0			-1			-1			0			-1			
0			0			0			0			0			0			0			0			0			-1			-1			-4			0			0			0			-1			-40			0			0			0			
-1			0			0			0			0			0			0			0			0			0			0			0			0			0			0			-1			0			0			0			0			
0			-1			-1			0			0			0			0			0			0			0			0			0			0			0			0			-1			0			0			0			0			
0			0			0			0			0			0			0			0			0			0			0			0			0			0			0			0			-1			-1			0			-1			
0			0			0			0			-20	9	0	0			0			0			0			0			0			0			0			0			0			0			0			-1			0			-1			
0			0			0			0			-1			0			0			0			0			0			0			0			0			0			0			0			0			0			0			-1			
0			0			-1			-1			0			0			0			0			0			0			0			0			0			0			0			0			0			-1			0			-1			
0			0			0			0			0			0			0			0			0			0			0			0			0			0			0			0			0			-1			0			-1			
0			0			0			0			0			0			0			0			0			0			0			0			0			0			0			0			0			-1			0			-1			
0			0			0			0			0			0			0			0			-20	15	17	-20	15	17	-20	15	17	-20	15	17	-20	15	17	-4			-1			0			0			-1			-20	12	19	-1			
