15		15
0		0		0		0		0		0		0		0		0		-41		0		0		0		0		0
0		0		0		0		0		0		0		0		-41		-1		-41		0		0		0		0
0		0		0		0		0		0		0		0		0		-1		0		0		0		0		0
0		0		0		0		0		0		-41		0		0		-1		0		0		0		0		0
0		0		-41		0		0		-41		-1		0		-1		0		-1		0		0		0		0
0		-41		-1		-41		0		-1		0		-1		0		0		-41		-1		-41		0		0
0		0		-41		-1		0		0		0		-1		0		-41		-1		0		-1		-41		0
1		0		0		-1		0		0		0		-1		0		0		-41		0		-41		0		0
0		0		0		0		-1		-1		-1		0		0		0		0		0		0		0		0
0		0		0		-1		0		0		-1		0		0		0		0		0		0		0		0
0		0		-41		0		0		0		0		-1		0		0		0		0		0		0		0
0		0		0		0		0		0		0		-1		0		0		0		0		0		0		-1
-1		0		0		0		0		0		0		-1		-1		0		0		0		0		0		-1
-1		-1		0		0		0		0		-1		-1		-1		0		40	16	0		-1		-1		-1
-1		-1		-1		-1		-1		-1		-1		-1		-1		-1		-1		-1		-1		-1		-1
