14 11
-22 11 2	-22 11 2	-22 11 2	-22 11 2	0			0			-22 11 2	0			0			0			0
-22 11 2	-22 11 2	-22 11 2	0			-1			0			-22 11 2	0			-1			0			-22 11 2
0			0			0			0			-22 11 2	0			-22 11 2	0			-22 11 2	-22 11 2	0
0			-1			-22 11 2	0			-22 11 2	0			-22 11 2	0			-22 11 2	0			0
0			0			0			0			-22 11 2	0			-22 11 2	0			-22 11 2	0			0
0			0			0			0			-22 11 2	0			-22 11 2	0			-22 11 2	0			-1
0			-22 11 2	0			0			-22 11 2	0			-22 11 2	40	0	-22 11 2	0			0
0			-22 11 2	-1			-1			-22 11 2	0			-22 11 2	-22 11 2	-22 11 2	0			0
0			-22 11 2	-22 11 2	-22 11 2	-22 11 2	0			-22 11 2	0			0			0			0
-1			0			-22 11 2	-22 11 2	-22 11 2	0			-22 11 2	0			0			0			-1
-22 11 2	0			-22 11 2	-22 11 2	-22 11 2	0			-22 11 2	-22 11 2	0			-22 11 2	0
-22 11 2	-22 11 2	1			-22 11 2	-22 11 2	0			-22 11 2	0			-22 11 2	-22 11 2	0
-22 11 2	-22 11 2	0			-22 11 2	-22 11 2	0			0			0			0			0			0
-1			-1			-1			-1			-1			-1			-1			-1			-1			-1			-1
