15 15
0			0			0			0			0			-1			-1			24			-1			-1			0			0			0			0			0			
0			1			0			0			-1			-1			-1			-1			-1			24			24			0			0			0			0			
0			0			0			-1			-1			0			0			0			0			0			-1			-1			0			0			0			
0			0			0			-1			-1			0			0			0			0			0			-1			-1			0			0			0			
0			0			0			0			0			0			0			-23	0	7	0			0			-1			-1			0			0			0			
0			0			0			-1			-1			0			0			0			0			0			-1			-1			0			0			0			
0			24			-1			-1			-1			-1			-1			-23	0	7	-1			-1			-1			24			24			24			0			
0			-1			-1			-1			-1			24			0			0			0			-1			-1			24			-1			-1			0			
0			0			24			24			-1			0			0			-23	0	7	0			0			-1			24			-1			0			0			
0			0			-1			24			-1			-1			0			0			0			24			-1			24			-1			0			0			
0			0			-1			24			-1			-1			-1			-23	0	7	-1			-1			-1			24			-1			0			0			
0			0			24			24			-1			-1			0			0			0			-1			-1			24			24			0			0			
0			-1			-1			-1			-1			0			0			40	0		0			0			-1			-1			-1			-1			0			
0			24			24			-1			-1			-1			-1			-1			-1			-1			24			-1			-1			-1			0			
0			0			0			0			0			0			0			0			0			0			0			0			0			0			0			
