29 6
40	0		30	26	0	30	26	0	30	26	0	30	26	0	0			
30	26	0	0			0			0			0			30	26	0	
30	26	0	0			0			0			0			30	26	0	
30	26	0	0			0			0			0			30	26	0	
30	26	0	0			0			0			0			30	26	0	
-20	26	0	0			0			0			0			0			
-21	26	0	0			0			-1			-20	26	0	0			
0			-1			-1			-1			-1			0			
0			-21	26	0	0			0			0			0			
0			-20	26	0	0			0			0			0			
0			-21	26	0	0			0			0			0			
0			0			0			-20	26	0	0			0			
30	26	0	0			0			-21	26	0	0			0			
-20	26	0	0			-1			0			0			-20	26	0	
-21	26	0	-20	26	0	0			0			-1			-21	26	0	
0			-21	26	0	0			0			-20	26	0	0			
0			0			0			-20	26	0	-21	26	0	0			
30	26	0	0			0			-21	26	0	0			0			
-20	26	0	0			0			-20	26	0	0			0			
-21	26	0	-1			0			-21	26	0	0			0			
0			0			0			0			0			0			
0			0			-20	26	0	0			0			-20	26	0	
0			0			-21	26	0	0			0			-21	26	0	
-20	26	0	-20	26	0	0			30	26	0	0			0			
-1			-1			0			0			-1			-1			
0			-21	26	0	0			0			-20	26	0	0			
1			0			-1			-20	26	0	-21	26	0	0			
0			0			0			-21	26	0	0			0			
0			0			0			0			0			0			
