30 30
0			0			0			0			0			0			0			0			0			-1			-1			-1			-1			-1			-1			-1			-1			-1			-1			-1			-1			-1			-1			-1			-1			-1			-1			-1			-1			-1			
0			0			0			0			0			0			0			0			0			0			-14			-14			-14			-14			-14			-14			-14			-14			-14			-14			-14			-14			-14			-14			-14			-14			-14			-14			-14			-14			
-14			0			0			0			-14			0			0			0			0			0			-1			-1			-1			-1			-1			-1			-1			-1			-1			-1			-1			-1			-1			-1			-1			-1			-1			-1			-1			-1			
-23	3	4	-40			0			-14			21			-14			0			0			0			0			-40			-40			-40			-40			-40			-40			-40			-40			-40			-40			-40			-40			-40			-40			-40			-40			-40			40	76		-40			-40			
-14			0			0			-4			-14			0			0			0			0			0			0			0			0			0			0			0			0			0			0			0			0			0			0			0			0			0			0			0			0			0			
-14			-14			-4			0			0			0			0			0			0			0			0			0			0			0			0			0			0			0			0			0			0			0			0			0			0			0			0			-23	3	4	0			0			
-14			-14			0			0			0			0			-14			0			0			0			-1			-1			-1			-1			-1			-1			-1			-1			-1			-1			-1			-1			-1			-1			-1			-1			-1			-1			-1			-1			
-14			24			0			0			0			0			0			-14			0			0			-1			-1			-1			-1			-1			-1			-1			-1			-1			-1			-1			-1			-1			-1			-1			-1			-1			-1			-1			-1			
-14			-14			-14			0			0			0			0			-14			0			0			0			-40			-4			-23	3	4	-40			-23	3	4	-14			-14			-14			-14			0			0			-23	3	4	0			-14			-14			-4			-14			-40			0			
-14			-14			0			0			0			0			-14			-14			0			0			0			0			-4			24			-4			-14			-14			-14			-14			-14			-14			0			0			0			-14			-14			-4			-14			-4			0			
-14			-14			0			0			0			-14			-14			-14			-14			0			0			0			-4			24			-4			-14			-14			-14			-40			0			0			0			0			0			0			-40			-4			24			24			0			
-14			-14			-14			0			0			0			-40			-23	3	4	-40			0			0			0			-4			24			-4			-4			-14			-40			0			0			-4			-4			0			-14			0			-40			-40			24			-4			0			
-14			-14			-14			-14			0			0			-14			-14			-14			0			0			0			-4			24			-4			-14			-40			0			0			-4			-14			0			0			-14			-4			0			-40			24			-4			0			
-14			-14			-14			0			0			-14			-14			-14			-14			-4			-14			0			-4			24			-4			-40			0			0			-4			-14			0			0			0			-14			-14			-14			-40			-40			24			0			
0			-40			-40			0			0			0			0			-14			-14			-14			-14			-14			-4			24			-4			-14			0			-4			-14			-14			0			0			-14			-14			-14			-14			-4			-40			24			-14			
0			0			-14			-14			0			0			0			-14			-14			-23	3	4	-14			-14			-4			24			-4			-14			-4			-14			-14			-14			-14			-14			-14			-14			-14			-14			-4			-40			24			-14			
-4			-40			0			-14			0			0			-14			-14			-23	3	4	-40			-14			-14			-4			24			-4			-14			-14			-14			-14			-14			-14			-40			0			-14			-14			-14			-4			24			-40			-14			
-14			-4			-40			0			-14			-40			0			0			-40			-14			-22	3	4	-40			-4			24			-4			-14			-14			-14			-14			-14			-14			-14			-40			0			-14			-14			-4			24			-4			-14			
-14			-14			-4			0			-40			0			0			0			-14			-14			-23	3	4	-14			-4			24			24			0			-40			-14			-14			-14			-14			-14			-14			0			-40			-14			-4			24			-4			-14			
-14			-14			-14			-4			-4			0			0			-14			0			-40			-23	3	4	-14			-4			24			-4			0			0			-40			-14			0			0			0			0			0			0			-14			-4			24			-4			-14			
-14			-14			-14			-14			-14			-4			0			0			0			0			-14			-14			-4			24			-4			-4			0			-14			0			0			-14			-14			-4			-4			-14			-14			-4			24			-4			-14			
-40			-40			-40			-40			-40			-40			0			-14			0			0			0			-14			-4			24			-4			-14			0			0			0			-40			0			0			0			0			-14			-14			-4			24			-4			-14			
0			0			0			0			0			0			0			-14			-14			-14			0			0			-4			24			-4			-14			-40			0			-14			0			0			-14			-14			-40			0			-40			-4			24			-4			-14			
-4			-4			-4			-4			-4			-4			-4			-4			-14			-14			-14			0			-4			24			-4			0			-14			0			-14			0			-4			-14			-14			-14			0			-14			-4			24			-4			-14			
24			24			24			24			24			24			24			24			-14			-14			-14			0			-4			24			-4			0			-14			0			-14			-14			-40			0			0			-40			0			-14			-4			24			-4			-14			
24			-1			-1			-1			-1			24			-4			24			-14			-14			-14			0			-4			24			-4			0			-40			-40			0			0			0			0			0			0			0			-14			-4			24			-4			-14			
24			-1			-1			-1			-1			24			-4			24			-14			-14			-14			0			-4			24			-4			0			0			-14			-14			-14			-14			-4			-4			-14			0			-14			-4			24			-4			-14			
24			-1			-1			-1			-1			24			-4			24			24			24			24			0			24			24			-4			1			0			-40			-40			-40			-40			-40			-40			-40			-40			-40			24			24			-4			-14			
24			-1			-1			-1			-1			24			-4			-14			-14			-14			-14			-14			-14			24			24			0			0			0			0			0			0			0			0			0			0			0			24			24			-14			0			
24			24			24			24			24			24			-4			-14			-14			-14			-14			-14			-14			-14			24			0			0			0			0			0			0			-4			-4			-4			-4			-4			-14			-14			-4			0			
