50 50
0			0			0			0			0			0			0			0			-41			-1			-41			-41			19			0			19			-1			19			-41			0			0			0			0			0			0			0			0			0			0			0			0			0			0			-40			-1			-1			-1			-1			-1			-1			-1			-1			0			0			0			0			0			-40			-1			-1			-1			
0			0			-41			0			0			0			-41			19			0			-1			-41			19			0			19			0			-1			-1			-1			-41			0			0			0			0			0			0			0			0			0			0			0			0			-40			-1			-1			0			0			-40			-1			-1			0			0			0			0			0			0			0			0			-1			0			-40			
0			-41			19			0			0			19			19			-1			0			-1			-41			0			19			0			-1			0			0			0			0			0			0			0			0			0			0			0			0			0			0			0			0			-15			-21	15	25	-3	15	25	0			0			0			-1			0			0			0			-41			0			0			0			0			0			-1			0			0			
19			-1			19			0			0			0			0			0			-1			-41			0			19			0			-1			-1			0			19			0			0			0			0			0			0			0			0			0			0			0			0			0			-1			0			0			0			0			0			0			0			0			0			-41			19			-41			0			0			0			0			-1			0			0			
0			0			-1			-1			-1			-1			0			0			-1			-41			0			0			19			0			0			19			-1			19			0			-41			0			0			0			0			0			0			0			0			0			0			0			0			0			0			0			0			0			0			0			-41			-1			19			-1			-41			0			0			0			-1			0			0			
0			0			0			-1			19			19			-1			-1			-1			0			0			0			-1			0			-1			-1			-1			-1			-1			-1			-41			0			0			0			0			0			0			0			0			0			0			0			0			0			0			0			0			0			0			0			0			-1			0			0			0			0			0			0			0			0			
0			0			19			0			-1			19			-41			0			-1			-1			0			-1			0			-41			-1			0			0			0			-41			-41			-41			-41			0			0			0			0			0			0			0			0			0			0			0			0			0			0			0			0			0			0			0			-1			0			0			0			0			-1			-1			-1			-1			
-1			-1			-41			0			0			0			-1			0			0			0			-1			0			0			-1			0			1			0			-41			0			0			0			0			0			0			0			0			0			0			0			0			0			0			0			0			0			0			0			0			0			0			-11			-1			-11			-1			-1			-1			-1			-1			-1			-1			
-41			0			-1			0			0			0			0			-1			0			0			0			0			-1			0			0			0			0			0			0			0			0			0			0			0			0			0			0			0			0			0			0			0			0			-15			-15			0			0			0			0			0			-1			-1			-1			-1			-1			-1			-1			-1			-1			-14			
0			19			0			0			0			0			0			0			-1			0			-1			0			-1			0			0			0			0			0			0			0			0			0			0			0			0			0			0			0			0			0			-15			-15			-15			-1			-1			-1			22			21			-1			-1			-1			-1			-1			-1			-1			-14			0			0			0			0			
0			0			0			0			0			0			0			0			-1			0			0			0			-1			-41			0			0			0			0			0			0			0			0			0			0			0			0			0			0			-15			-15			-1			-1			-1			-1			-1			-1			20			-1			-1			-1			-1			-1			-14			0			0			0			0			0			0			0			
0			0			0			0			0			0			0			0			-1			0			-1			0			-1			0			0			0			-41			0			-41			0			0			0			0			0			0			0			0			-15			-1			-1			-1			-1			-1			-1			-1			-1			-1			-1			-1			-1			-14			0			0			0			0			0			0			0			0			0			
0			0			0			0			0			0			0			19			-1			0			0			0			-1			0			0			0			19			-41			0			0			0			0			0			0			0			0			-15			-1			-21	15	25	-21	15	25	-3	15	25	-3	15	25	0			-40			-1			-1			-1			-1			-1			-40			0			0			0			0			0			0			0			0			0			0			
0			0			0			-41			0			0			0			0			-1			0			-1			0			-1			0			0			19			19			-1			19			0			0			0			0			0			0			-15			-21	15	25	-21	15	25	0			0			0			0			0			0			-40			-1			-1			-1			-40			0			0			0			0			0			0			0			0			0			0			0			
0			0			0			-41			-41			0			0			0			-1			0			0			0			-1			-1			-1			-1			-1			19			0			19			0			19			0			0			0			0			0			0			0			0			-40			0			0			0			0			-40			-1			-40			-40			0			0			0			0			0			0			0			0			0			0			0			
0			-41			-41			19			19			19			0			0			-1			0			-1			0			-1			-1			0			0			-41			-1			-1			-1			-1			0			0			0			0			0			0			0			0			-40			-40			-40			0			0			0			0			-1			0			-40			0			0			0			0			0			0			0			0			0			0			0			
0			19			0			-1			0			0			0			0			-1			0			0			0			-1			0			0			0			0			19			19			0			19			19			0			0			0			0			0			0			0			0			-40			0			0			0			0			0			-1			0			-40			0			0			0			0			0			0			0			0			0			0			0			
0			0			0			0			-1			-1			-1			-1			-1			0			-1			0			-1			0			0			0			0			0			0			19			0			0			0			0			0			0			0			0			0			0			-40			0			0			0			0			0			-1			0			-40			0			0			0			0			0			0			0			0			0			0			0			
-1			0			0			0			0			-41			0			-1			-1			0			0			0			0			0			0			0			0			0			0			0			0			0			0			0			0			0			0			0			0			0			-40			0			0			0			0			0			-1			0			-40			0			0			0			0			0			0			0			0			0			0			0			
0			0			0			0			0			0			0			0			-1			-1			-1			-1			-1			0			0			0			0			0			0			0			0			0			0			0			0			0			0			0			0			0			-40			0			0			0			0			0			-1			0			-40			0			0			0			0			0			0			0			0			0			0			0			
0			0			0			0			0			0			0			0			-1			0			0			0			-1			0			0			0			0			0			0			0			0			0			0			0			0			0			0			0			0			0			-40			0			0			0			0			0			-1			0			0			0			0			0			0			0			0			-11			0			-11			0			0			
0			0			0			0			0			0			0			0			-1			40	30		40	60		40	90		-1			0			0			0			0			0			0			0			0			0			0			0			-1			-1			0			0			0			0			-40			0			0			0			-1			0			-1			0			0			0			0			0			0			0			0			-1			0			-1			0			0			
0			0			0			0			0			0			0			0			-1			0			0			0			-1			0			0			0			0			0			0			0			0			0			0			-1			-1			-1			0			0			0			0			-1			-1			0			0			-15			0			-1			0			0			0			0			0			0			0			-1			-1			0			-1			-1			0			
-1			0			0			0			0			0			0			-1			-1			0			0			0			-1			-1			0			0			0			0			0			0			0			-1			-1			-1			-1			-1			22			20			20			-1			-1			-1			-1			22			-1			0			-1			0			0			0			0			0			0			-1			-1			-1			0			-1			-1			-1			
-1			-1			-1			-1			-1			-1			-1			-1			-1			0			0			0			-1			-1			-1			-1			-1			-1			-1			-1			-1			-1			-1			-1			-1			-1			-1			-1			-1			-1			-1			-1			-1			21			-1			0			-1			0			-1			-1			-1			-1			-1			-1			-1			-1			0			-1			-1			-1			
-14			-14			-14			-14			-14			-1			-14			-14			-14			0			0			0			-14			-14			-14			-14			-14			-14			-14			-14			-14			-14			-14			-14			-14			-14			-14			-14			-14			0			0			0			-1			20			-1			0			-1			0			-1			-1			-1			0			0			0			0			0			0			-1			-40			0			
0			-40			-14			-1			-1			0			-40			-1			-1			0			-1			30	42	24	-1			-1			-1			-14			-14			-14			-40			0			0			0			0			0			-40			-14			-14			-14			-14			0			-14			0			0			-1			-1			0			-1			0			-1			-1			0			0			-1			0			0			-1			0			-1			0			0			
0			-1			-1			-40			0			0			-1			-1			-1			0			0			0			-1			0			-40			-1			-1			-1			-14			0			0			0			0			0			0			-14			-14			-14			-14			0			-21	11	44	-14			0			-1			-14			0			-1			0			-1			0			0			-1			0			0			0			-1			0			-1			0			0			
0			0			0			-1			0			-1			0			0			-1			30	42	24	-1			0			-1			0			-1			0			0			-40			-1			-1			0			0			0			0			0			-14			-14			-14			-14			0			0			-14			0			-1			-14			0			0			0			-1			0			0			-1			0			0			0			-1			0			-1			0			0			
0			0			0			0			0			-21	42	24	-40			0			-1			0			0			0			-1			0			0			0			0			-1			0			-40			-14			0			0			0			-14			-14			-14			-14			-14			0			0			-14			0			-1			-14			0			-1			0			-1			0			0			-1			0			0			0			-1			0			-1			0			-1			
0			0			-20	42	24	0			-1			-1			0			0			-1			0			-1			30	42	24	-1			30	42	24	-1			0			-1			0			0			-14			-14			-14			0			-14			-14			-14			-14			-14			-14			0			0			-14			0			-1			0			0			-1			0			-1			0			0			-1			-1			0			0			-1			0			-1			0			0			
-1			0			-21	42	24	0			-21	42	24	0			0			0			-1			0			0			0			-1			0			-40			0			30	42	24	0			0			0			-14			0			0			0			-14			-14			-14			-14			-14			-20	11	44	0			-14			0			-1			0			0			0			0			-1			0			0			-1			0			0			0			-1			0			-1			0			0			
-21	42	24	0			0			-20	42	24	0			0			0			0			-1			30	42	24	-1			0			-1			0			-1			30	42	24	0			0			0			0			0			0			0			0			-40			-14			-14			-14			-14			-14			0			-14			0			-1			-20	15	25	-20	15	25	-2	11	44	-2	11	44	-1			-1			0			-1			0			0			0			-1			0			-1			0			0			
0			0			0			-21	42	24	0			-1			0			0			-1			0			0			0			-1			0			0			0			0			0			0			0			0			0			0			0			0			-14			-14			-14			-14			-14			0			-14			0			0			-1			-1			-1			-1			-1			30	37	1	0			-1			21			20			-20	11	44	-1			0			-1			0			-1			
-1			-1			-1			0			-1			0			0			0			-1			0			-1			30	42	24	-1			0			-1			30	42	24	0			0			0			0			0			0			0			-14			-14			-14			-14			-14			-14			-14			0			-14			-14			0			0			0			0			0			0			-1			-1			-1			-1			-1			-1			0			0			-1			0			0			
0			-20	42	24	0			0			-1			0			-1			-1			-1			0			0			0			-1			0			0			0			0			0			0			0			0			-14			-14			-14			-14			-14			-14			-14			-14			-14			0			0			-14			-14			0			0			-14			-14			0			0			0			-14			0			0			0			-1			0			-1			0			0			
0			-21	42	24	0			-1			0			0			0			0			-1			30	42	24	-1			0			-1			0			-1			30	42	24	0			0			0			0			-14			-14			-14			-14			-14			0			0			0			0			-14			-14			0			0			-14			-14			0			-14			-14			-14			-14			0			-14			0			-14			0			-1			0			-1			0			0			
0			0			-1			0			0			0			0			0			-1			0			0			0			-1			0			0			0			0			0			0			-14			-14			0			0			-14			0			0			-14			-14			0			0			-40			-14			0			0			-14			-14			-14			-14			-14			-14			0			0			0			-14			0			-1			0			-1			0			-1			
0			0			0			0			0			-20	42	24	0			0			-1			0			-1			30	42	24	-1			0			-1			30	42	24	0			0			0			-14			0			0			0			-14			0			0			-14			-14			0			0			-40			22			-14			0			0			0			0			0			0			-14			-14			-14			-14			-14			0			-1			0			-1			0			0			
0			0			0			0			0			-21	42	24	0			0			0			0			0			0			0			0			0			0			0			0			-14			0			0			0			0			22			0			0			0			-14			0			0			-14			-14			22			-14			-14			-14			-14			-14			0			0			-14			-14			0			0			0			-1			0			-1			0			0			
0			0			0			0			0			0			0			0			0			0			0			0			0			0			-1			30	42	24	0			0			22			0			0			0			0			-14			0			0			0			-14			20			-14			-14			-14			-14			-40			-40			0			-40			-40			-14			0			-14			-14			0			-14			-14			-1			0			-1			0			0			
0			0			0			0			0			0			0			-1			0			0			0			0			0			0			0			0			0			0			-14			0			0			0			0			0			0			0			0			0			-14			-14			-14			-14			-14			-40			0			0			0			-40			-14			0			-14			-14			0			0			0			-1			0			-1			0			-1			
-40			0			0			0			0			0			0			0			-1			0			0			0			0			0			0			0			0			0			0			0			0			0			0			0			0			0			0			0			0			-14			-14			-14			-14			-14			0			0			0			0			-14			0			-14			-14			-14			-14			0			-1			0			-1			0			0			
-40			-40			0			0			0			0			0			0			0			-1			0			0			0			0			0			0			0			0			0			0			0			0			0			0			0			0			0			0			0			0			0			0			0			0			-14			0			0			0			-14			0			-14			-14			-21	11	44	0			0			-1			0			-1			0			0			
-40			0			0			0			0			0			0			0			0			0			0			0			0			0			-1			0			0			0			0			0			0			0			0			0			0			0			0			0			0			-14			-14			-14			-14			0			-14			0			0			0			-14			0			-14			-14			0			-14			0			-1			0			-1			0			0			
0			0			0			0			0			0			0			0			0			0			0			0			0			0			0			0			0			0			0			0			0			0			0			0			0			0			0			0			0			-14			-14			-14			-14			0			-14			-14			0			0			-14			0			-14			-14			0			-14			-14			-11			0			-11			0			-1			
0			0			0			0			0			0			0			0			0			0			0			0			0			0			0			0			0			-1			0			0			0			-14			0			0			0			0			0			0			0			0			-14			-14			0			0			-14			-14			0			0			-14			0			-14			-14			0			0			0			0			0			0			0			0			
0			0			0			0			0			0			0			0			0			-1			0			0			0			-1			0			0			0			0			0			0			0			-14			-14			0			0			0			0			0			0			-20	11	44	-14			-14			0			0			0			0			0			0			0			0			-14			-14			-14			-14			-14			-1			0			-1			0			0			
-2	42	24	-20	31	39	-20	42	24	-2	42	24	-2	42	24	-20	42	24	-20	42	24	-20	42	24	-20	42	24	-2	42	24	-20	42	24	-20	42	24	-2	42	24	-2	42	24	-20	42	24	-20	42	24	-20	42	24	-2	42	24	-2	42	24	-2	42	24	-14			-14			-14			-14			-14			-14			21			21			20			-14			-14			-14			-14			0			0			0			0			0			0			0			-14			-14			-14			-14			-14			-1			0			-1			0			0			
-14			-14			-14			-14			-14			-14			-14			-14			-14			-14			-14			-14			-14			-14			-14			-14			-14			-14			-14			-14			-14			-14			-14			-14			-14			-14			-14			-14			-14			-14			-14			-14			-14			-14			-14			-14			-14			-14			-14			-14			-14			-14			-14			-14			-14			-1			-20	11	44	-1			-20	11	44	-20	11	44	
