12 12
-4			-4			-4			-4			-4			-4			-4			-4			-4			-4			-4			-4			
-4			40	0		40	0		0			0			-4			-4			0			0			40	0		40	0		-4			
-4			40	0		0			0			0			0			0			0			0			0			40	0		-4			
-4			0			0			0			0			0			0			0			0			0			0			-4			
-4			0			0			0			0			0			0			0			0			0			0			-4			
-4			0			0			0			0			0			0			0			0			0			0			-4			
-4			0			0			0			0			-4			-4			0			0			0			0			-4			
-4			0			0			0			0			0			0			0			0			0			0			-4			
-4			0			0			1			0			0			0			0			0			0			0			-4			
-4			0			0			0			0			0			0			0			0			0			0			-4			
-4			-4			0			0			0			0			0			0			0			0			-4			-4			
-4			-4			-4			-4			-4			-4			-4			-4			-4			-4			-4			-4			
