20 20
0			1			0			-1			0			0			0			0			0			0			0			0			0			0			0			0			-1			0			0			0			
0			-1			-1			-1			-1			-1			0			0			-1			-1			-1			-1			0			0			-1			-1			-1			-1			-1			0			
0			-1			0			0			0			-1			0			0			-1			0			0			-1			0			0			-1			0			0			0			-1			0			
0			-1			0			-23	3	10	0			-1			0			0			-1			0			0			-1			0			0			-1			0			-23	3	10	0			-1			0			
0			-1			0			0			0			-1			0			0			-1			-1			-1			-1			0			0			-1			0			0			0			-1			0			
0			-1			-1			24			-1			-1			0			0			0			0			0			0			0			0			-1			-1			24			-1			-1			0			
0			0			0			0			0			0			0			0			-1			0			0			-1			0			0			0			0			0			0			0			0			
0			-1			-1			-1			0			-1			0			0			0			0			0			0			0			0			-1			0			-1			-1			-1			0			
-1			-1			-23	3	10	-40			0			0			0			-22	3	10	0			0			0			0			-22	3	10	0			0			0			-40			-23	3	10	-1			-1			
0			-1			-1			-1			0			-1			0			-1			0			0			0			0			-1			0			-1			0			-1			-1			-1			0			
0			0			0			0			0			0			0			-1			0			-1			-1			0			-1			0			0			0			0			0			0			0			
0			0			0			0			0			0			0			-1			0			-1			-1			0			-1			0			0			0			0			0			0			0			
0			-1			-1			-1			0			-22	3	10	-1			-1			0			0			0			0			-1			-1			-22	3	10	0			-1			-1			-1			0			
0			-1			0			0			0			0			0			-1			0			-23	3	10	-23	3	10	0			-1			0			0			0			0			0			-1			0			
0			-1			0			-1			-1			-1			0			-1			0			0			0			0			-1			0			-1			-1			-1			0			-1			0			
0			-1			0			-1			-1			-1			0			-1			0			40	2		40	2		0			-1			0			-1			-1			-1			0			-1			0			
0			-1			0			-1			-1			-1			0			-1			0			40	2		40	2		0			-1			0			-1			-1			-1			0			-1			0			
0			-1			0			0			0			0			0			-1			0			0			0			0			-1			0			0			0			0			0			-1			0			
0			-1			-1			-1			-1			-1			-1			-1			0			-23	3	10	-23	3	10	0			-1			-1			-1			-1			-1			-1			-1			0			
0			0			0			0			0			0			0			0			0			0			0			0			0			0			0			0			0			0			0			0			
