20 20
-4			-4			-4			-4			-4			-4			-4			-4			-4			-4			-4			-4			-4			-4			-4			-4			-4			-4			-4			-4			
-4			0			0			0			0			0			0			0			0			0			0			0			0			0			0			0			0			0			0			-4			
-4			0			-2	8	5	-2	8	5	-2	8	5	-2	8	5	-2	8	5	0			-2	8	5	-2	8	5	-2	8	5	-2	8	5	-2	8	5	0			0			0			0			0			0			-4			
-4			0			-41			-41			-41			-41			-41			0			-41			-41			-41			-41			-41			0			0			0			0			0			0			-4			
-4			0			-41			0			0			0			0			0			-41			0			0			0			0			0			0			0			0			0			0			-4			
-4			0			-41			0			0			0			0			0			-41			0			0			0			0			0			0			0			0			0			0			-4			
-4			0			-41			0			0			-41			-41			0			-41			0			0			-41			-41			0			0			0			0			0			0			-4			
-4			0			-41			0			0			0			-41			0			-41			0			0			0			-41			0			0			0			0			0			0			-4			
-4			0			-41			0			0			1			-41			0			-41			0			0			40	71		-41			0			0			0			0			0			0			-4			
-4			0			-41			-41			-41			-41			-41			0			-41			-41			-41			-41			-41			0			0			0			0			0			0			-4			
-4			0			0			0			0			0			0			0			0			0			0			0			0			0			0			0			0			0			0			-4			
-4			0			0			0			0			0			0			-41			-41			-41			-41			-41			0			-41			-41			-41			-41			-41			0			-4			
-4			0			0			0			0			0			0			-41			0			0			0			0			0			0			0			0			0			-41			0			-4			
-4			0			0			0			0			0			0			-41			0			0			0			0			0			0			0			0			-41			0			0			-4			
-4			0			0			0			0			0			0			-41			-41			-41			-41			0			0			0			0			-41			0			0			0			-4			
-4			0			0			0			0			0			0			-41			0			0			0			0			0			0			-41			0			0			0			0			-4			
-4			0			0			0			0			0			0			-41			0			0			0			0			0			-41			0			0			0			0			0			-4			
-4			0			0			0			0			0			0			-41			-41			-41			-41			-41			0			-41			-41			-41			-41			-41			0			-4			
-4			0			0			0			0			0			0			0			0			0			0			0			0			0			0			0			0			0			0			-4			
-4			-4			-4			-4			-4			-4			-4			-4			-4			-4			-4			-4			-4			-4			-4			-4			-4			-4			-4			-4			
