20 12
0		0		0		0		0		0		0		0		0		0		0		1		
0		0		0		0		0		0		0		0		0		0		0		0			
0		0		0		0		0		0		0		0		0		0		0		0		
0		0		0		-40		-11		-11		-11		-11		-11		-11		-11		0		
0		0		0		-40		0		0		0		0		0		0		-11		0		
0		0		0		0		0		0		0		0		0		0		-11		0		
0		0		0		-11		0		0		0		0		0		0		-11		0		
0		0		0		-11		0		0		0		0		0		0		0		0		
-11		0		0		-11		0		0		0		0		0		0		0		0		
0		0		0		-11		0		0		0		0		0		0		0		0		
0		0		0		-11		40	4	0		0		0		0		-11		0		0		
0		0		0		-11		0		0		0		0		0		-40		-11		0		
0		0		0		-11		0		0		0		0		0		0		0		0		
-11		0		0		-11		0		0		0		0		0		0		0		0		
0		0		0		-11		0		0		0		0		0		0		-11		0		
0		0		-40		-11		0		0		0		0		0		0		0		0		
0		0		0		-11		0		0		0		0		0		0		0		0		
0		0		0		-11		0		0		0		0		0		0		0		0		
-11		0		-20		-11		-20		0		0		0		0		0		-11		0		
-11		-11		-11		-11		-11		-11		-11		-11		-11		-11		-11		-11		

