48 3
40	0	0		40	0
0		0		0	
0		0		0	
0		-11		0	
0		0		0	
0		-11		0	
0		0		0	
0		-11		0	
0		0		0	
0		-11		0	
0		0		0	
0		-11		0	
0		0		0	
0		-11		0	
0		0		0	
0		-14		0	
0		0		0	
0		-14		0	
0		0		0	
0		-14		0	
0		0		0	
0		-14		0	
0		0		0	
0		-14		0	
0		0		0	
0		-15		0	
0		0		0	
0		-15		0	
0		0		0	
0		-15		0	
0		0		0	
0		-15		0	
0		0		0	
0		-15		0	
0		0		0	
0		-1		0	
0		0		0	
0		-1		0
0		0		0	
0		-1		0
0		0		0	
0		-1		0
0		0		0	
0		-1		0
0		1		0	
0		0		0
0		0		0
-1		-1		-1
