21 21
0			0			0			0			-1			0			0			0			0			0			-1			0			0			0			0			0			-1			0			0			0			0			
0			1			0			0			-1			0			0			-23	1	1	0			0			-1			0			0			-23	1	1	0			0			-1			0			0			40	0		0			
0			0			0			0			-1			0			0			0			0			0			-1			0			0			0			0			0			-1			0			0			0			0			
0			0			0			0			0			0			0			0			0			0			-22	1	1	0			0			0			0			0			0			0			0			0			0			
-1			-1			-1			0			-22	1	1	-22	1	1	-1			-1			-1			-22	1	1	-22	1	1	-22	1	1	-1			-1			-1			-22	1	1	-22	1	1	0			-1			-1			-1			
0			0			0			0			-22	1	1	0			0			0			0			0			-22	1	1	0			0			0			0			0			-22	1	1	0			0			0			0			
0			0			0			0			-1			0			0			0			0			0			-1			0			0			0			0			0			-1			0			0			0			0			
0			-23	1	1	0			0			-1			0			0			-23	1	1	0			0			-1			0			0			-23	1	1	0			0			-1			0			0			-23	1	1	0			
0			0			-1			0			-1			0			0			0			0			0			-1			0			0			0			0			0			-1			0			-1			0			0			
0			0			0			0			0			0			0			0			0			0			-22	1	1	0			0			0			0			0			0			0			0			0			0			
-1			-1			-1			0			-22	1	1	-22	1	1	-1			-1			-1			-22	1	1	-22	1	1	-22	1	1	-1			-1			-1			-22	1	1	-22	1	1	0			-1			-1			-1			
0			0			0			0			-22	1	1	0			0			0			0			0			-22	1	1	0			0			0			0			0			-22	1	1	0			0			0			0			
0			0			0			0			-1			0			0			0			0			0			-1			0			0			0			0			0			-1			0			0			0			0			
0			-23	1	1	0			0			-1			0			0			-23	1	1	0			0			-1			0			0			-23	1	1	0			0			-1			0			0			-23	1	1	0			
0			0			-1			0			-1			0			0			0			0			0			-1			0			0			0			0			0			-1			0			-1			0			0			
0			0			0			0			0			0			0			0			0			0			0			0			0			0			0			0			0			0			0			0			0			
-1			-1			-1			0			0			0			-1			-1			-1			0			0			0			-1			-1			-1			0			0			0			-1			-1			-1			
0			0			0			0			0			0			0			0			0			0			0			0			0			0			0			0			0			0			0			0			0			
0			0			0			0			-1			0			0			0			0			0			-1			0			0			0			0			0			-1			0			0			0			0			
0			-23	1	1	0			0			-1			0			0			-23	1	1	0			0			-1			0			0			-23	1	1	0			0			-1			0			0			-23	1	1	0			
0			0			0			0			-1			0			0			0			0			0			-1			0			0			0			0			0			-1			0			0			0			0			
