20 20
-1			-21	1	3	-21	1	3	-21	1	3	-21	1	3	-21	1	3	-21	1	3	-21	1	3	-21	1	3	-21	1	3	-21	1	3	-21	1	3	-21	1	3	-21	1	3	-21	1	3	-21	1	3	-21	1	3	-21	1	3	-21	1	3	-1			
-1			0			0			0			0			0			41			41			41			41			41			0			0			0			0			0			0			0			0			-1			
-1			0			41			-1			0			0			41			41			41			41			41			0			0			0			0			0			0			-1			0			-1			
-1			0			0			-1			0			0			41			41			41			41			41			0			0			41			41			41			41			-1			0			-1			
-1			41			0			-1			-20	1	3	0			-20	1	3	-20	1	3	-20	1	3	-20	1	3	-20	1	3	0			-20	1	3	-20	1	3	-20	1	3	-20	1	3	-20	1	3	-1			0			-1			
-1			0			0			-1			0			0			0			0			0			0			0			-1			41			41			41			41			41			-1			0			-1			
-1			0			41			-1			0			0			-40			0			0			0			0			-1			0			0			0			0			0			-1			0			-1			
-1			0			0			-1			0			0			0			0			0			0			41			-1			0			0			0			0			0			-1			0			-1			
-1			0			41			-1			0			0			0			0			0			41			0			0			0			0			0			0			0			-1			0			-1			
-1			0			0			-1			0			0			0			0			41			0			0			0			0			0			0			0			41			-1			0			-1			
-1			41			0			-1			0			41			0			41			0			0			0			42	18	19	0			0			0			0			41			-1			0			-1			
-1			0			0			-1			-1			-20	1	3	-20	1	3	-20	1	3	-20	1	3	-20	1	3	-20	1	3	0			0			0			0			0			41			-1			0			-1			
-1			0			41			-1			0			0			0			-1			0			0			-1			0			0			0			0			0			0			-1			0			-1			
-1			0			-20	17	1	-1			0			0			0			-1			0			0			-1			0			0			0			0			0			0			-1			0			-1			
-1			41			24			-21	15	18	41			41			30	17	1	-1			0			41			-21	15	18	-1			-1			-1			-1			-1			-1			-1			0			-1			
-1			0			0			0			-21	15	18	-21	15	18	-21	15	18	-21	15	18	0			-21	15	18	0			-21	15	18	-21	15	18	-21	15	18	-21	15	18	-21	15	18	-21	15	18	-1			1			-1			
-1			0			0			41			0			0			0			0			0			0			41			0			0			0			0			0			0			-1			0			-1			
-1			0			0			0			0			0			0			0			0			0			0			0			0			0			0			0			0			0			0			-1			
-1			-1			0			0			41			41			41			41			41			0			0			41			41			41			41			41			0			0			0			-11			
-1			-20	17	1	-20	15	18	-20	15	18	-20	15	18	-20	15	18	-20	15	18	-20	15	18	-20	15	18	-20	15	18	-20	15	18	-20	15	18	-20	15	18	-20	15	18	-20	15	18	-20	15	18	-20	15	18	-20	15	18	-1			40	1		
