10 150
0			23			0			0			0			0			0			0			0			0			0			0			0			0			0			0			0			0			0			0			0			0			0			0			0			0			0			0			0			0			0			0			0			0			0			0			0			0			0			0			0			0			0			0			0			0			0			0			0			0			0			23			0			0			0			0			0			0			0			0			0			0			0			0			0			0			0			0			-1			0			0			0			0			0			0			0			0			0			0			0			0			0			0			0			0			0			0			0			0			23			0			0			-40			0			0			0			0			0			0			0			0			0			0			0			0			0			0			0			0			0			0			0			0			0			0			0			0			0			0			0			0			0			0			0			0			0			0			0			0			0			0			0			0			0			0			0			0			0			0			0			0			0			0			0			0			0			0			0			0			0			
23			1			0			0			0			0			0			0			0			0			0			0			0			0			0			0			0			0			0			0			0			0			0			0			0			0			0			0			0			0			0			0			0			0			0			0			0			0			0			0			0			0			0			0			0			0			0			0			0			0			23			0			0			0			0			0			0			0			0			0			0			0			0			0			0			0			0			0			0			0			0			0			0			0			0			0			0			0			0			0			0			0			0			0			0			0			0			0			23			0			0			0			0			0			0			0			0			0			0			0			0			0			0			0			0			0			0			0			0			0			0			0			0			0			0			0			0			0			0			0			0			0			0			0			0			0			0			0			0			0			0			0			0			0			0			0			0			0			0			0			0			0			0			0			0			0			0			0			40	3		0			
0			0			0			0			0			0			0			0			0			0			0			0			0			0			0			0			0			0			0			0			0			0			0			0			0			0			0			0			0			0			0			0			0			0			0			0			0			0			0			0			0			0			0			0			0			0			0			0			0			0			0			0			0			0			0			0			0			0			0			-1			0			0			0			0			0			-1			0			0			-1			0			0			0			0			0			0			0			0			0			0			0			0			0			0			0			0			0			0			0			0			-1			0			0			0			0			0			0			0			0			0			0			0			0			0			0			0			0			0			0			-40			0			0			0			0			0			0			0			0			0			0			0			0			0			0			0			0			0			0			0			0			0			0			0			0			0			0			0			0			0			0			0			0			0			0			0			0			0			0			0			-4			0			
0			0			0			0			0			0			-1			-1			-1			-1			0			-20	1	1	0			0			-1			-1			-1			-1			0			-1			0			-1			0			-1			0			-1			0			-1			0			-1			0			-1			-1			-1			0			0			0			-1			-1			-1			0			0			0			0			0			0			0			0			0			0			0			0			0			0			0			0			0			0			0			-1			0			0			0			0			0			0			0			0			0			0			0			0			0			0			0			0			0			0			0			0			0			0			0			0			0			0			-1			0			0			0			0			0			0			0			0			0			0			0			0			0			0			0			0			0			0			0			0			0			0			0			0			0			0			0			0			0			0			0			0			0			0			0			0			0			0			0			0			0			0			0			0			0			0			0			0			0			0			0			0			0			0			0			0			0			0			0			0			0			-4			0			
0			0			0			0			0			0			0			0			0			0			0			-21	1	1	0			0			0			0			0			0			0			0			0			0			0			0			0			0			0			0			0			0			0			0			0			0			0			0			0			0			0			0			0			0			0			0			0			-1			0			0			0			0			-1			0			0			0			0			-1			0			0			0			-1			0			0			-1			0			0			-1			0			0			0			0			0			0			0			0			0			0			0			0			0			0			0			0			0			-1			0			0			0			0			0			0			0			0			0			0			0			0			0			0			0			0			0			0			0			0			0			0			0			0			0			0			0			0			0			0			0			0			0			0			0			0			0			0			0			0			0			0			0			0			0			0			0			0			0			0			0			0			0			0			0			0			0			0			0			0			0			0			0			0			0			0			
0			0			0			0			0			0			0			0			0			0			0			0			0			0			0			0			0			0			0			0			0			0			0			0			0			0			0			0			0			0			0			0			0			0			0			-1			0			-40			0			0			0			-1			-1			-1			-1			-1			-1			-1			-1			-1			-1			-1			-1			-1			-1			-1			-1			-1			-1			-1			0			0			0			0			0			0			0			0			0			0			0			0			0			0			0			0			0			0			0			0			-1			0			0			0			0			0			0			0			0			0			0			0			0			0			0			0			0			0			0			0			0			0			0			0			0			0			0			0			0			0			0			0			0			0			0			0			0			0			-4			0			0			0			0			0			0			0			0			0			0			0			0			0			0			0			0			0			0			0			0			0			0			0			0			0			0			0			0			0			0			0			
-1			-1			-1			-1			-1			0			0			0			0			0			0			0			-1			-1			0			0			0			0			0			0			0			0			0			0			0			0			0			0			0			0			0			0			-1			0			0			0			0			0			0			0			0			0			0			0			0			0			0			0			0			0			0			0			0			0			0			0			0			0			0			0			0			0			-1			0			0			0			0			0			0			0			0			0			0			0			0			0			0			-1			0			0			0			0			0			0			0			0			0			0			0			0			0			0			0			0			0			0			0			0			0			0			0			0			0			0			0			0			0			0			0			0			0			0			0			0			0			0			0			0			-1			0			0			0			0			0			0			0			0			0			0			0			0			0			0			0			0			0			0			0			0			0			0			0			0			0			0			0			0			0			0			0			
0			0			0			0			0			0			0			0			0			0			0			0			0			0			0			0			0			0			0			-1			0			-1			0			-1			0			-1			0			-1			0			-1			0			0			0			0			0			0			0			0			0			0			0			0			0			0			0			0			0			0			0			0			0			0			0			0			0			0			0			0			0			0			0			0			0			0			0			0			0			0			0			0			0			0			0			0			-1			0			0			0			0			0			0			0			0			0			0			0			0			0			0			0			0			-4			0			0			-4			0			0			-4			0			0			-4			0			0			-4			0			0			-4			-1			-1			-1			0			-1			0			0			-1			-11			0			0			-1			0			0			-11			-1			0			0			-1			0			-1			-1			0			-4			0			-4			0			-4			0			-4			0			-4			0			-4			0			-4			0			-4			-1			-1			-1			-1			-1			
0			0			0			0			0			0			0			0			0			0			0			0			0			0			0			0			0			0			0			0			0			0			0			0			0			0			0			0			0			0			0			0			0			0			0			0			0			0			-1			-1			0			0			0			0			0			0			0			0			0			0			0			0			0			0			0			0			0			0			0			0			0			0			0			0			0			0			0			0			0			0			0			-1			0			0			0			0			0			0			0			0			0			0			0			0			0			0			0			0			0			0			0			0			0			0			0			0			0			0			0			0			0			0			0			0			0			0			0			0			0			0			0			0			0			0			0			0			0			0			0			0			0			0			0			0			0			0			0			0			0			0			0			0			0			0			0			0			0			0			0			0			0			0			0			0			0			0			0			0			0			0			
-20	1	1	-20	1	1	-20	1	1	-20	1	1	-20	1	1	-20	1	1	-20	1	1	-20	1	1	-20	1	1	-20	1	1	-20	1	1	-20	1	1	-20	1	1	-20	1	1	-20	1	1	-20	1	1	-20	1	1	-20	1	1	-20	1	1	-20	1	1	-20	1	1	-20	1	1	-20	1	1	-20	1	1	-20	1	1	-20	1	1	-20	1	1	-20	1	1	-20	1	1	-20	1	1	-20	1	1	-20	1	1	-20	1	1	-20	1	1	-20	1	1	-20	1	1	-20	1	1	-20	1	1	-20	1	1	-20	1	1	-20	1	1	-20	1	1	-20	1	1	-20	1	1	-20	1	1	-20	1	1	-20	1	1	-20	1	1	-20	1	1	-20	1	1	-20	1	51	-20	1	51	-20	1	51	-20	1	51	-20	1	51	-20	1	51	-20	1	51	-20	1	51	-20	1	51	-20	1	51	-20	1	51	-20	1	51	-20	1	51	-20	1	51	-20	1	51	-20	1	51	-20	1	51	-20	1	51	-20	1	51	-20	1	51	-20	1	51	-20	1	51	-20	1	51	-20	1	51	-20	1	51	-20	1	51	-20	1	51	-20	1	51	-20	1	51	-20	1	51	-20	1	51	-20	1	51	-20	1	51	-20	1	51	-20	1	51	-20	1	51	-20	1	51	-20	1	51	-20	1	89	-20	1	89	-20	1	89	-20	1	89	-20	1	89	-20	1	89	-20	1	89	-20	1	89	-20	1	89	-20	1	89	-20	1	89	-20	1	89	-20	1	89	-20	1	89	-20	1	89	-20	1	89	-20	1	89	-20	1	89	-20	1	89	-20	1	89	-20	1	89	-20	1	89	-20	1	89	-20	1	89	-20	1	89	-20	1	89	-20	1	89	-20	1	89	-20	1	89	-20	1	89	-20	1	89	-20	1	89	-20	1	89	-20	1	89	-20	1	89	-20	1	89	-20	1	89	-20	1	89	-20	1	89	-20	1	89	-20	1	89	-20	1	89	-20	1	89	-20	1	89	-20	1	89	-20	1	89	-20	1	89	-20	1	89	-20	1	89	-20	1	89	-20	1	89	-20	1	89	-20	1	89	-20	1	89	-20	1	89	-20	1	89	-20	1	89	-20	1	89	-20	1	89	-20	1	89	-20	1	89	-20	1	89	
